1.13087e-23 1.35734e-23 5.12529e-22
0.0129961 -1.11585 0.051657
0.0775005 -2.22043 0.0857141
0.16046 -3.25561 0.103909
0.172595 -4.43063 0.131152
0.218488 -5.67997 0.182747
0.311917 -6.72924 0.214608
0.363739 -7.80484 0.254925
0.406793 -8.85583 0.30081
0.430969 -9.86551 0.359147
0.45267 -10.9732 0.409157
0.545289 -12.0931 0.463343
0.640773 -13.2564 0.505483
0.730649 -14.4014 0.553203
0.789156 -15.5363 0.653131
0.901029 -16.653 0.680918
0.985254 -17.7558 0.747474
1.04104 -18.838 0.813495
1.10865 -19.9475 0.910872
1.18878 -21.046 0.976416
1.26119 -22.236 1.05129
1.28857 -23.365 1.16052
1.3721 -24.5078 1.22912
1.42517 -25.7444 1.32302
1.47684 -26.9337 1.42576
1.54461 -28.1259 1.51868
1.75631 -30.9028 1.65851
1.85838 -32.1008 1.73817
1.92665 -33.3348 1.88945
2.03147 -34.5868 1.98513
2.09891 -35.8348 2.09154
2.19016 -37.1111 2.21862
2.20768 -38.3709 2.32293
2.24449 -39.6126 2.44647
2.23686 -40.9063 2.56753
2.32982 -42.1083 2.5935
2.3605 -43.2998 2.63505
2.29978 -44.4412 2.69516
2.09632 -45.4522 2.76783
1.86654 -46.0765 2.80108
1.5447 -46.6022 2.85278
1.0002 -47.0094 2.88965
0.337958 -47.2772 2.93411
-0.340448 -47.4353 2.97253
-1.50292 -47.5258 2.96699
-2.59923 -47.4986 3.02071
-3.75014 -47.3471 3.04754
-4.81202 -47.0799 3.07898
-5.85645 -46.5394 3.07703
-6.77877 -45.8469 3.07719
-7.60374 -44.9836 3.04108
-8.28074 -44.1062 3.03368
-8.81263 -43.1765 2.99117
-9.32659 -42.136 2.95209
-9.61877 -41.0751 2.88954
-9.80831 -39.9194 2.8179
-9.84009 -38.917 2.75326
-9.86379 -37.8455 2.67415
-9.90128 -36.7164 2.61842
-9.93568 -35.5017 2.45885
-9.96901 -34.3296 2.43321
-9.95086 -33.0886 2.40149
-9.96351 -32.0371 2.3024
-9.87554 -31.0376 2.25702
-9.86522 -29.9995 2.23936
-9.82704 -28.9595 2.19716
-9.8121 -27.9563 2.12039
-9.77537 -26.9184 2.10006
-9.78226 -25.665 1.98286
-9.7839 -24.445 1.93661
-9.79955 -23.4208 1.91701
-9.86172 -22.2753 1.86408
-9.91324 -21.2496 1.82661
-10.0045 -20.2153 1.78363
