0 0 0
-0.0741783 -1.1208 0.0238152
-0.183369 -2.12091 0.0654041
-0.226322 -3.13609 0.0932017
-0.375798 -4.19307 0.132742
-0.43713 -5.27251 0.164922
-0.502841 -6.28183 0.205235
-0.520431 -7.38118 0.207132
-0.515175 -8.50073 0.259462
-0.623788 -9.70644 0.297343
-0.765684 -10.9456 0.330063
-0.806113 -12.2535 0.372796
-0.769799 -13.4931 0.400504
-0.665941 -14.7278 0.458504
-0.535212 -15.9937 0.504291
-0.383104 -17.1863 0.543261
-0.325998 -18.4278 0.602061
-0.302607 -19.6951 0.69802
-0.225392 -20.9612 0.793155
-0.162309 -22.1938 0.817441
-0.189804 -23.3913 0.902573
-0.215144 -24.6888 0.984567
-0.248867 -25.9308 1.08435
-0.273346 -27.1788 1.13447
-0.27699 -28.393 1.22807
-0.324708 -29.6396 1.29399
-0.322524 -30.9191 1.40548
-0.329069 -32.1604 1.50351
-0.380847 -33.454 1.57302
-0.38973 -34.7294 1.68224
-0.450849 -36.0082 1.77969
-0.492513 -37.0081 1.84093
-0.45855 -38.2684 1.96967
