1.02687e-24 -5.32446e-24 -6.39203e-24
0.0200359 -1.11328 0.050486
0.0838221 -2.22699 0.0867784
0.169731 -3.26533 0.104317
0.181432 -4.44366 0.132284
0.229767 -5.69212 0.178087
0.327116 -6.74432 0.212838
0.379063 -7.82665 0.254425
0.423676 -8.8861 0.299297
0.44904 -9.89215 0.357994
0.47092 -11.0042 0.407527
0.566949 -12.1255 0.464616
0.660357 -13.2908 0.505375
0.7492 -14.4444 0.556409
0.806179 -15.5832 0.658848
0.918518 -16.707 0.689349
1.00877 -17.8179 0.750016
1.05711 -18.8967 0.817984
1.12835 -20.0092 0.918595
1.20871 -21.1126 0.982768
1.28496 -22.3011 1.05596
1.31468 -23.4401 1.16225
1.39627 -24.5926 1.23726
1.44704 -25.8297 1.32846
1.49962 -27.0315 1.43091
1.6524 -28.6616 1.51954
1.63558 -29.7637 1.63805
1.76497 -31.004 1.71612
1.83526 -32.2445 1.84163
1.91548 -33.4877 1.99428
2.00953 -34.7443 2.10528
2.07563 -35.9891 2.23555
2.15977 -37.2652 2.38605
2.16882 -38.5192 2.51887
2.19863 -39.764 2.66372
2.18821 -41.0716 2.81308
2.19535 -42.3681 2.95254
2.23591 -43.5269 3.06593
2.18349 -44.6685 3.19129
2.04914 -45.7266 3.28751
1.80812 -46.3121 3.37756
1.40254 -46.8627 3.41808
0.87157 -47.2617 3.49702
0.219061 -47.5269 3.59113
-0.464075 -47.6856 3.65771
-1.63323 -47.7618 3.73583
-2.72133 -47.7345 3.82204
-3.87458 -47.5654 3.88701
-4.93694 -47.315 3.95771
-5.97672 -46.7669 3.9784
-6.90375 -46.073 3.98542
-7.72976 -45.2027 3.95198
-8.3968 -44.3284 3.94946
-8.92507 -43.4002 3.90652
-9.44815 -42.3499 3.84186
-9.72617 -41.2882 3.76004
-9.91789 -40.1358 3.66508
-9.94404 -39.132 3.57466
-9.96569 -38.0651 3.46704
-10.0037 -36.9388 3.37849
-10.0388 -35.7206 3.21758
-10.0705 -34.5593 3.15157
-10.0453 -33.3168 3.07621
-10.0562 -32.2719 2.95697
-9.95741 -31.2769 2.89372
-9.95432 -30.2338 2.836
-9.91066 -29.2015 2.75952
-9.9 -28.1987 2.65923
-9.86309 -27.1664 2.59905
-9.87405 -26.1712 2.4935
-9.84735 -24.933 2.41948
-9.88439 -23.926 2.33456
-9.93347 -22.7362 2.24468
-9.96701 -21.6822 2.19899
-10.023 -20.672 2.12203
