5.07403e-25 3.34246e-24 1.78891e-22
-0.0752089 -1.12031 0.0237974
-0.184258 -2.12149 0.064882
-0.225545 -3.13764 0.0933652
-0.377517 -4.195 0.132686
-0.438788 -5.27536 0.164062
-0.503268 -6.28472 0.204306
-0.520977 -7.3843 0.206013
-0.517313 -8.50431 0.258685
-0.626721 -9.70774 0.295362
-0.766486 -10.9465 0.327346
-0.807359 -12.2561 0.369209
-0.771149 -13.4941 0.396327
-0.665653 -14.7308 0.45406
-0.534972 -15.9983 0.500947
-0.384098 -17.1898 0.538107
-0.323585 -18.4299 0.594851
-0.300489 -19.6976 0.689251
-0.224501 -20.9648 0.786316
-0.162457 -22.1959 0.810345
-0.18997 -23.3925 0.895597
-0.216284 -24.6847 0.979135
-0.250921 -25.9313 1.0774
-0.276016 -27.179 1.12443
-0.279508 -28.3944 1.22123
-0.327683 -29.6408 1.28211
-0.327298 -30.9255 1.39712
-0.331156 -32.157 1.48768
-0.381704 -33.4556 1.55935
-0.391502 -34.7278 1.67143
-0.452088 -36.0082 1.76619
-0.490653 -37.0128 1.83281
-0.458184 -38.272 1.95454
-0.487452 -39.5841 2.03681
-0.527693 -40.8733 2.18401
-0.599482 -42.1644 2.25595
-0.64339 -43.4278 2.44723
-0.626269 -44.7538 2.53488
-0.658607 -46.0338 2.69275
-0.70604 -47.3331 2.72024
-0.800966 -48.6237 2.83508
-0.840916 -49.8765 2.99164
-0.870087 -51.1145 3.08846
-0.967487 -52.4016 3.23433
-1.11067 -53.6644 3.36568
-1.33267 -54.9146 3.47291
-1.54444 -56.1674 3.55253
-1.80679 -57.3967 3.70655
-2.07303 -58.6294 3.79914
-2.29663 -59.8496 3.94913
-2.52149 -61.0614 4.04229
-2.7223 -62.2839 4.16458
-2.97142 -63.4994 4.28481
-3.09463 -64.6071 4.42737
-3.2631 -65.777 4.52347
-3.46801 -66.8016 4.65307
-3.79744 -67.8751 4.75564
-4.31243 -68.7276 4.84345
-4.79192 -69.2158 4.90906
-5.27295 -69.5453 4.92919
-5.80895 -69.7571 4.95418
-6.47014 -69.8494 4.96329
-7.56525 -69.8531 4.98551
-8.68967 -69.7417 4.98078
-9.68226 -69.6125 4.99188
-10.8381 -69.4428 5.03659
-11.8335 -69.2123 4.99641
-12.5877 -68.763 4.98624
-12.987 -68.4359 4.9722
-13.2753 -68.0515 4.94933
-13.4826 -67.5537 4.89651
-13.576 -67.072 4.87408
-13.5105 -66.438 4.82077
-13.2866 -65.7061 4.72214
-12.9126 -64.5917 4.63681
-12.5414 -63.4886 4.50767
-12.2815 -62.4339 4.37362
-12.1669 -61.3278 4.24751
-12.1663 -60.2133 4.1463
-12.199 -59.2124 4.06172
-12.2671 -58.2041 3.97917
-12.3212 -57.1861 3.88053
-12.3427 -55.9901 3.78728
-12.4028 -54.9189 3.70223
-12.4265 -53.8202 3.57523
-12.4313 -52.7903 3.48967
-12.4061 -51.7249 3.40833
-12.3492 -50.6063 3.34258
-12.3057 -49.5523 3.23461
-12.2873 -48.4568 3.10037
-12.323 -47.3593 3.00841
-12.2791 -46.2651 2.92084
-12.2825 -45.1753 2.82172
-12.2816 -44.0627 2.70067
-12.3171 -42.962 2.62922
-12.3107 -41.8426 2.52756
-12.276 -40.7404 2.45503
-12.2036 -39.5935 2.3558
-12.1917 -38.4325 2.26321
-12.2211 -37.2811 2.17613
-12.2411 -36.1524 2.07202
-12.2059 -34.9877 1.9904
-12.1618 -33.854 1.84918
-12.1484 -32.6845 1.77669
-12.1442 -31.5381 1.68959
-12.1679 -30.3867 1.60908
-12.1532 -29.2045 1.53648
-12.1241 -28.0601 1.40699
-12.0441 -26.8998 1.3538
-12.0491 -25.7095 1.27606
-12.0997 -24.5178 1.15326
-12.1273 -23.3108 1.08109
-12.159 -22.1047 1.01089
-12.1941 -20.9231 0.900204
-12.1216 -19.8169 0.864971
-12.1057 -18.5835 0.759812
-12.1371 -17.391 0.687934
-12.1865 -16.3163 0.627786
