1.35904e-23 -2.01924e-23 1.36425e-22
-0.0742195 -1.10621 0.024493
-0.221728 -2.23567 0.165673
-0.259322 -3.30652 0.0797919
-0.413318 -4.40715 0.116869
-0.459038 -5.48769 0.133536
-0.502629 -6.72404 0.149345
-0.490116 -7.90701 0.129252
-0.560663 -9.03085 0.162348
-0.711593 -10.243 0.205354
-0.796531 -11.5271 0.247358
-0.783939 -12.7984 0.273522
-0.68078 -14.0307 0.280005
-0.603527 -15.2674 0.316669
-0.422484 -16.4963 0.359828
-0.316396 -17.7208 0.40007
-0.35292 -18.9545 0.46035
-0.248651 -20.1891 0.528603
-0.196266 -21.4238 0.578566
-0.17463 -22.6382 0.660225
-0.232304 -23.88 0.699056
-0.268352 -25.1501 0.766179
-0.264475 -26.3677 0.837513
-0.286157 -27.5819 0.903971
-0.328913 -28.8166 0.999586
-0.330699 -30.094 1.02904
-0.335948 -31.3347 1.11841
-0.366203 -32.5805 1.21033
-0.409771 -33.8467 1.30177
-0.462056 -35.1077 1.42268
-0.492125 -36.4362 1.48634
-0.510435 -37.7155 1.58617
-0.524283 -38.9825 1.65414
-0.545095 -40.2852 1.76252
-0.595469 -41.561 1.8481
-0.66356 -42.829 1.9592
-0.644075 -44.1204 2.06348
-0.630166 -45.4165 2.17415
-0.695828 -46.703 2.29387
-0.806209 -48.0056 2.35128
-0.864097 -49.2754 2.45742
-0.863055 -50.5168 2.53978
-0.952782 -51.7981 2.66956
-1.07138 -53.0623 2.78619
-1.27487 -54.2951 2.89186
-1.51161 -55.5357 3.0398
-1.75316 -56.7857 3.09058
-2.02263 -57.98 3.21994
-2.25276 -59.2287 3.32509
-2.48134 -60.4203 3.43684
-2.6816 -61.6394 3.54987
-2.89282 -62.8952 3.56683
-3.08363 -63.9841 3.7425
-3.21697 -65.1503 3.88595
-3.39872 -66.2421 3.93195
-3.6814 -67.2311 4.03108
-4.13936 -68.1274 4.13033
-4.686 -68.7841 4.17347
-5.14299 -69.1217 4.21562
-5.67754 -69.3398 4.2403
-6.28177 -69.4664 4.25147
-6.99773 -69.4461 4.27254
-8.09732 -69.4309 4.26694
-9.28193 -69.2906 4.26551
-10.4305 -69.1354 4.29685
-11.4081 -68.9176 4.28931
-12.4787 -68.5033 4.27253
-12.9737 -68.0383 4.25303
-13.2637 -67.6441 4.23584
-13.4607 -67.1509 4.19199
-13.5384 -66.657 4.16957
-13.4766 -66.0113 4.12268
-13.2558 -65.2923 4.03543
-12.9007 -64.1872 3.95103
-12.5297 -63.0703 3.81767
-12.2614 -62.0428 3.70624
-12.1408 -60.924 3.59977
-12.1389 -59.798 3.50338
-12.1713 -58.8006 3.42665
-12.2397 -57.7938 3.35262
-12.2877 -56.7684 3.27997
-12.3135 -55.5701 3.19433
-12.3671 -54.4901 3.11491
-12.3973 -53.4048 2.99578
-12.4003 -52.3696 2.92317
-12.3803 -51.3013 2.8407
-12.3247 -50.1974 2.7835
-12.2832 -49.1229 2.68865
-12.2593 -48.0309 2.58465
-12.2822 -46.9386 2.51312
-12.2464 -45.8476 2.43297
-12.2469 -44.7486 2.34869
-12.2503 -43.6448 2.24374
